%%%%%%%%%%%%%%%%%%%%%%%%%%%%%%%%%%%%%%%%%%%%%%%%
%                                              %
%     Dados do sistema equivalente da          %
%     região Sul do brasil - 32 barras         %
%                                              %
%%%%%%%%%%%%%%%%%%%%%%%%%%%%%%%%%%%%%%%%%%%%%%%%

%-----  DADOS DAS LINHAS DE TRANSMISSÃO  -----

% b_origem  b_final  circ  R  X  C  a  amin  amax
LT = [                                                           
                                                                 
 1   11  1    .0306   .1165      .2702     0.000  0.000  0.000;  
 1   11  1    .0306   .1165      .2702     0.000  0.000  0.000;  
 1   2   1    .0316   .1621      .2784     0.000  0.000  0.000;  
 1   2   1    .0316   .1621      .2784     0.000  0.000  0.000;  
 2   3   1    .0172   .0854      .1434     0.000  0.000  0.000;  
 2   3   1    .0172   .0854      .1434     0.000  0.000  0.000;  
 3   4   1    .0463   .2378      .4080     0.000  0.000  0.000;  
 3   4   1    .0463   .2378      .4080     0.000  0.000  0.000;  
 4   5   1    .0386   .1987      .3400     0.000  0.000  0.000;  
 4   12  1    .0158   .0824      .1375     0.000  0.000  0.000;  
 4   12  1    .0158   .0824      .1375     0.000  0.000  0.000;  
 5   6   1    .0096   .1002      .0840     0.000  0.000  0.000;  
 5   6   1    .0096   .1002      .0840     0.000  0.000  0.000;  
 6   7   1    .0325   .1650      .2869     0.000  0.000  0.000;  
 7   8   1    .0154   .0852      .1250     0.000  0.000  0.000;  
 7   8   1    .0154   .0852      .1250     0.000  0.000  0.000;  
 7   9   1    .0065   .0823      .3740     0.000  0.000  0.000;  
 8   9   1    .0162   .0932      .1612     0.000  0.000  0.000;  
 8   9   1    .0162   .0932      .1602     0.000  0.000  0.000;  
 9   10  1    .0204   .1046      .1808     0.000  0.000  0.000;  
 9   11  1    .0468   .2395      .4138     0.000  0.000  0.000;  
10   11  1    .0353   .1809      .3125     0.000  0.000  0.000;  
11   15  1    .0000   .0125      .0000     1.000  0.900  1.100;  
15   13  1    .0016   .0201     2.458      0.000  0.000  0.000;  
13   14  1    .0015   .0194     2.370      0.000  0.000  0.000;  
14   30  1    .0005   .0070     8.049      0.000  0.000  0.000;  
15   16  1    .0022   .0273     3.340      0.000  0.000  0.000;  
15   16  1    .0024   .0298     3.630      0.000  0.000  0.000;  
16   9   1    .0000   .0125      .0000     1.000  0.900  1.090;  
16   9   1    .0000   .0125      .0000     1.000  0.900  1.100;  
15   17  1    .0016   .0205     2.502      0.000  0.000  0.000;  
17   18  1    .0025   .0309     3.777      0.000  0.000  0.000;  
18   12  1    .0000   .0125      .0000     1.000  0.900  1.100;  
18   12  1    .0000   .0125      .0000     1.000  0.900  1.100;  
 6   19  1    .0228   .1183      .2030     0.000  0.000  0.000;  
 7   19  1    .0253   .1313      .2250     0.000  0.000  0.000;  
 6   20  1    .0042   .0590      .0000     0.000  0.000  0.000;  
19   21  1    .0062   .0621      .0000     0.000  0.000  0.000;  
20   21  1    .0666   .2683      .728      0.000  0.000  0.000;  
21   22  1    .0029   .0118      .1300     0.000  0.000  0.000;  
22   23  1    .0246   .1048      .2500     0.000  0.000  0.000;  
23   24  1    .0269   .1181      .274      0.000  0.000  0.000;  
24   25  1    .0461   .1872      .5090     0.000  0.000  0.000;  
 8   25  1    .0020   .0316      .000      0.000  0.000  0.000;  
 7   26  1    .0020   .1152      .0000     0.000  0.000  0.000;  
16   26  1    .0127   .1603     1.959      0.000  0.000  0.000;  
14   27  1    .0172   .2170     2.652      0.000  0.000  0.000;  
18   27  1    .0315   .3977     4.857      0.000  0.000  0.000;  
13   28  1    .0011   .1394     1.703      0.000  0.000  0.000;  
14   29  1    .0008   .0108     1.281      0.000  0.000  0.000;  
27   32  1    .0020   .0276     2.853      0.000  0.000  0.000;  
31   32  1    .0012   .0163     1.689      0.000  0.000  0.000;  
30   15  1    .0005   .0070     8.049      0.000  0.000  0.000;  
17   27  1    .0009   .0122     1.505      0.000  0.000  0.000;                                                                   
];                                                               



%-----  DADOS DAS BARRAS  -----

% barra  Tipo  V  ang  Pg  Qg  Qgmin  Qgmax  Pd  Qd  shunt

barras = [                                                                             
 1  1  1.05  0.0    8.400  0.0  -2.00    2.00     2.1500     -.3500            0.000 ;   
 2  0  0.00  0.0       00  0.0   0.0     0.0      2.7800      .0500            0.000 ;   
 3  1  1.04  0.0    1.000  0.0  -1.00    1.00     1.3860      .260             0.000 ;   
 4  0  0.00  0.0       00  0.0   0.0     0.0      2.6700      .0150            0.000 ;   
 5  0  0.00  0.0       00  0.0   0.0     0.0      1.5500      .7400            0.000 ;   
 6  1  1.04  0.0    2.000  0.0  -3.00    2.50     1.2700      .6200            0.000 ;   
 7  0  0.00  0.0       00  0.0   0.0     0.0      2.3700      .9500            0.000 ;   
 8  0  0.00  0.0       00  0.0   0.0     0.0      2.5600      1.150            0.000 ;   
 9  0  0.00  0.0       00  0.0   0.0     0.0      5.0000     2.0000            0.000 ;   
10  0  0.00  0.0       00  0.0   0.0     0.0      1.0800      .2700            0.000 ;   
11  0  0.00  0.0       00  0.0   0.0     0.0      1.4700      .1500            0.000 ;   
12  0  0.00  0.0       00  0.0     0     0        7.5000     1.8200             2.00 ;   
13  2  1.00  0.0       00  0.0  -3.55    3.50      .0         .0               -2.00 ;   
14  1  1.03  0.0    6.000  0.0  -1.50    5.00      .0         .0                0.000;   
15  1  1.03  0.0    10.00  0.0  -6.00    5.00      .0         .0                0.000;   
16  0  0.00  0.0       00  0.0   0.0     0.0       .0         .0               -3.00 ;   
17  0  0.00  0.0       00  0.0   0.0     0.0      2.8100      .5300            -2.00 ;   
18  0  0.00  0.0       00  0.0   0.0     0.0        .0        .000             -3.00 ;   
19  0  0.00  0.0       00  0.0   0.0     0.0        .0        .000              0.000;   
20  0  0.00  0.0       00  0.0     0      0        .2535     -.0858             0.000;   
21  0  0.00  0.0       00  0.0   0.0     0.0       .32880     .25980            0.000;   
22  0  0.00  0.0       00  0.0   0.0     0.0       .31440     .22400            0.000;   
23  0  0.00  0.0       00  0.0   0.0     0.0       .20200     .10480            0.000;   
24  0  0.00  0.0       00  0.0   0.0     0.0       .24090     .0987             0.000;   
25  0  0.00  0.0       00  0.0   0.0     0.0       .93210     .27800            0.000;   
26  0  0.00  0.0       00  0.0     0       0       .0        .0                0.000;   
27  1  1.02  0.0    0.800  0.0  -4.50    3.50       .0        .0               -1.500;   
28  0  0.00  0.0       00  0.0   0.0     0.0      2.6000      .2200             0.000;   
29  1  1.00  0.0    3.000  0.0  -4.50    3.50       .0        .00               0.000;   
30  1  1.00  0.0    3.000  0.0 -10.00    3.50       .0        .00               0.000;   
31  1  1.00  0.0    10.00  0.0  -2.50    2.50       .0        .00               0.000;   
32  0  0.00  0.0       00  0.0   0.0     0.0      3.8466      .3000             0.000;   
 
];

%-----  LIMITES  -----

% Barra  Vmin  Vmax  Pgmin  Pgmax

